1.941879427278948648e-13,8.930884911174766794e-01,1.069115088823280185e-01,2.446072034070220192e-16,9.895486402589102596e-19,8.300588562907277114e-17
2.895027021696928564e-11,8.486820611665596426e-02,9.151317938543972463e-01,2.037843339538464247e-19,8.463321781372915510e-34,1.490205426220369446e-21
1.253118080016034567e-30,2.376445805562517017e-22,1.071824935764578793e-23,1.277957792342365381e-02,1.195228889007277374e-27,9.872204220765786742e-01
2.092859839003524950e-27,4.479152417874029957e-01,5.520847582125925079e-01,2.938750254688029467e-19,3.961157822901806161e-15,6.940109182034427543e-21
1.448195373830909997e-21,4.448185968539101438e-18,8.864318586613430782e-19,1.187490546853083029e-01,2.199196924262073962e-21,8.812509453146946115e-01
3.164388185651103080e-23,1.530679938608237233e-18,8.056907602828514589e-19,1.082892062961808288e-01,9.270618626816688651e-20,8.917107937038208920e-01
2.737797887471046065e-16,4.111502204725749898e-01,5.888497795274232338e-01,7.466412379428333443e-17,1.337907128216807274e-20,2.757766191847131181e-18
1.583477582831058686e-21,4.929797775229316048e-19,1.023413891421467523e-18,3.173187455855418504e-01,1.824747435569860990e-18,6.826812544144577055e-01
9.999996641022330657e-01,3.177019234969473813e-07,1.819008033780869886e-08,5.400950178008853750e-12,3.842376819067971151e-42,3.600554071255173199e-13
2.956908898436287138e-24,9.899677643093067204e-15,5.996140892043330199e-14,1.167719130911388514e-01,4.970275005317985965e-11,8.832280868590867140e-01
8.600951629725013199e-18,6.594402635277656504e-15,2.253282811534416355e-14,4.867377047596734840e-01,2.813315756535779046e-14,5.132622952402671190e-01
1.055201558794805813e-20,1.746671126433984311e-01,8.253328873566049273e-01,5.456945251401933251e-17,2.613305943463004091e-19,6.458136638246391285e-19
6.163948752808393666e-17,3.847459769544742108e-16,5.604496062557136578e-16,5.295541228407150136e-01,2.418044460442543021e-17,4.704458771592872623e-01
9.688987434060884178e-33,1.583300133425669104e-06,6.342652486014926493e-05,1.085265846817073189e-08,9.999349751300413702e-01,4.192307560785190298e-09
6.084771981321142344e-20,1.776349029975153139e-18,9.298690312078353728e-17,8.017042241273980574e-01,1.607993630972206581e-13,1.982957758724401276e-01
8.726739893248760469e-18,3.405638260806510076e-21,3.464687618724406789e-20,9.021361556949304417e-01,1.428081123059308767e-19,9.786384430506789300e-02
2.509449831948469289e-12,6.967157793366531848e-01,3.032842199743236433e-01,5.451816485012901592e-10,4.740402189768551843e-13,1.408559947458577140e-10
3.695856605380207968e-15,3.812460478132384068e-11,1.391149612704680231e-11,2.516509259931871134e-01,1.468950758862583623e-14,7.483490739547569159e-01
2.555963297155639211e-17,4.055148774080699625e-01,5.944851225919277615e-01,1.543506884680146137e-19,9.620261340730869089e-24,4.583805778318897118e-21
9.999999999953317342e-01,1.686039356455868599e-12,2.633668525641781065e-12,3.504218635197904563e-13,3.037519601983535864e-54,6.514343953559868836e-17
3.302397340067986006e-10,1.341323127168141797e-16,3.321335206775690668e-17,9.252759473121185962e-01,1.408426853913356804e-24,7.472405235764091602e-02
2.384860374671648402e-17,5.468631698308210054e-15,1.306331923399041224e-14,4.839221389263024253e-01,4.330884427205576078e-15,5.160778610736712624e-01
6.561005707723312717e-22,1.730659507405816316e-13,1.518039691311216177e-12,2.352521673540122482e-01,8.576039557189000390e-10,7.647478317866938102e-01
7.969359072644468114e-45,3.663010900237814040e-09,1.165995199798432804e-07,1.001545997576982424e-13,9.999998797372954273e-01,7.623142807883855914e-14
2.385130631660542280e-24,6.583820139406731942e-01,3.416179860593293593e-01,2.724443901800093923e-22,3.490527359568209569e-20,9.814287759592421579e-24
9.999999999782787086e-01,7.279682442753560719e-12,2.254305426610006995e-12,1.217469037168188686e-11,1.681206843094531698e-49,1.467250679671343709e-14
1.164009910669649914e-14,4.029181511541822199e-13,1.660936697160825839e-12,7.202761063220373128e-01,1.459849284878700765e-13,2.797238936757404093e-01
5.407501554486733402e-51,2.237022612026117036e-18,3.458066182994345433e-13,6.621726679788234050e-09,9.999999908414523020e-01,2.536474483276184195e-09
5.763337139753864893e-41,3.320572461577635198e-11,7.689788960938842648e-09,1.158110450843779422e-09,9.999999897786011616e-01,1.340292855699587104e-09
1.700318773613727438e-33,7.475890690650564261e-06,8.968736852009032221e-05,7.987675706977995912e-10,9.999028353514572975e-01,5.905670731563965566e-10
1.331268417186924459e-06,8.664332557934222301e-01,1.335654127932062452e-01,1.107303888465292907e-10,4.747880781121008674e-20,3.422467167261415461e-11
1.754280062876149992e-12,3.946477578650717244e-01,6.053522421331740677e-01,1.277520374433334414e-18,5.106604469994353661e-27,4.509870959839048153e-20
2.264607353821240082e-20,5.859452312250453974e-21,1.955526026127898233e-20,6.190262808981568110e-01,3.297082826158408254e-20,3.809737191018452984e-01
9.999999402476138499e-01,3.569433255651105739e-08,1.994038692214661141e-09,2.135158861958224974e-08,7.977203360457423641e-38,7.124298108770217301e-10
7.011011202043891664e-25,4.484298511632329176e-01,5.515701487950921411e-01,9.998595502961605929e-16,4.167538936190326576e-11,5.619454075406633675e-17
1.567343611701391815e-15,1.826052680145801288e-14,9.091940494116658220e-14,7.276343753072053167e-01,2.633227736129353317e-14,2.723656246926551838e-01
2.664054440337973600e-11,7.529917915689526842e-01,2.470082083979228682e-01,5.338765379344656344e-12,1.374510398575255626e-16,1.143494120524054989e-12
2.059506575238708633e-49,1.218754341758760243e-19,7.435232144401095237e-14,2.981105555132219898e-07,9.999996213213016016e-01,8.056806607697597038e-08
5.707599221930691348e-14,2.737946353394496990e-01,7.262053646604914592e-01,1.330588527629492564e-15,3.800019333655058087e-22,3.001967183342192992e-17
9.999999969180137782e-01,9.681171635594245593e-11,4.992734672699549066e-12,2.952297861697694126e-09,4.296584577576312815e-44,2.788594329843895924e-11
7.829492156127031227e-13,9.044472382984583702e-13,1.484177675583917734e-12,7.389140333416399642e-01,1.683319684728067384e-15,2.610859666551842984e-01
3.238949624726926194e-21,1.587371280284064649e-13,1.901136094909976335e-14,3.842445287673767335e-02,9.179710679682929390e-17,9.615755471230833518e-01
5.641515253183470548e-15,5.256447859031934984e-16,8.465259183445699342e-17,4.673744628027435843e-01,7.956741633910644272e-22,5.326255371972523633e-01
9.964043388840541040e-17,9.056774510443688087e-01,9.432254895563228769e-02,1.436536919027444630e-17,7.768267151766781379e-17,4.759316058611320308e-18
5.619522324904397776e-16,2.979620554270889232e-01,7.020379445729075796e-01,9.504085041098224037e-16,3.897025368043340775e-20,2.449359029290214885e-17
5.344658565505537020e-47,9.011968592285074611e-14,2.683742128305147721e-10,7.042654120589842099e-11,9.999999996358752696e-01,2.523723505121382614e-11
1.262920155574069013e-13,2.879645052703793118e-01,7.120354947294952330e-01,8.185895592288429437e-16,1.067600085137216714e-22,1.940476320865340872e-17
2.005255010847726205e-40,3.529671770177102883e-10,4.340438178226496513e-08,2.544901644778624297e-10,9.999999557558477692e-01,2.323124884857749061e-10
6.045583019305871546e-19,3.492926202850245155e-18,1.414437827500991510e-16,8.333245163620255358e-01,6.301777364241817677e-14,1.666754836379078786e-01
1.317828611856299901e-29,4.943509797882665868e-01,5.056490202105472509e-01,6.158948745260301149e-19,1.185766901591935476e-12,1.713848109732751013e-20
1.458423079020957537e-34,1.099542622702428799e-06,1.395140176417345693e-04,3.668521011236223716e-09,9.998593823550855353e-01,4.161295371497437561e-10
9.999999999577440235e-01,3.157520683076906506e-11,5.849928066395969377e-12,4.815836500035524140e-12,1.307538653484727023e-49,1.469108507099601929e-14
2.085598368565406160e-17,3.073869012502613256e-13,1.591561194354914615e-12,5.102813445181654251e-01,5.312785430275894674e-12,4.897186554746220666e-01
1.748462888260381845e-17,2.468831515269454265e-13,1.306748047986065115e-13,2.181104961931947528e-01,1.835936543276827070e-15,7.818895038064253011e-01
2.673584314551548141e-11,3.402839182253111993e-13,1.000010649149551847e-13,6.945795527255642643e-01,1.396945025795599494e-19,3.054204472472572540e-01
4.621110713927834818e-20,1.952556624343990598e-21,9.907103538039493502e-22,5.205129433528096206e-01,4.420607157319668710e-24,4.794870566471891582e-01
5.028176420084822096e-24,9.094861110727094754e-23,2.232002919898534679e-22,3.641269752217961564e-01,7.046135508287143130e-22,6.358730247782037326e-01
3.510645391842211548e-18,2.719582961396841593e-17,1.922289614860598559e-16,6.743695286678219603e-01,1.050693870816472234e-15,3.256304713321744315e-01
4.153648369420592789e-20,8.650012196724526572e-16,1.919273144561189368e-15,2.736859671852862053e-01,4.745792426519217231e-15,7.263140328147072999e-01
3.398052427414246217e-42,4.486411821017629397e-14,5.585786680095508650e-10,2.525413450481916802e-08,9.999999713284997149e-01,2.858744869120359154e-09
9.999999772599112990e-01,1.821273151130664359e-08,1.367538548283457093e-09,3.086933259203570503e-09,1.819052788802257106e-39,7.288848763584320853e-11
8.536640017843345602e-16,2.963903425205815512e-01,7.036096574794068470e-01,8.550612873703691491e-15,8.464523049553932922e-19,2.425346729310035879e-16
9.999997535876464783e-01,1.768149536296019723e-07,6.959544438217462659e-08,1.934973317404244878e-12,7.899217663086788330e-43,2.160860335529259039e-14
1.047320618518449912e-15,1.754446261710942889e-17,3.275000257606077456e-17,7.606815624226831440e-01,5.117825983207865398e-19,2.393184375773136918e-01
3.338817360574485592e-25,3.955190910369998369e-01,6.044807704174686158e-01,1.879544977936906664e-13,1.385453235968941996e-07,1.757273479799276019e-14
9.999999993748076577e-01,6.039366174225280891e-12,1.404288341128049726e-13,6.140965882887656490e-10,1.872458943464015198e-49,4.917795545420050959e-12
9.999999993696633283e-01,3.400993574541619684e-10,5.991928044454764038e-11,2.291781657518303761e-10,6.542775533472863103e-44,1.137883235415130893e-12
9.999999802463224174e-01,1.709552059534738275e-08,2.619463894591554809e-09,3.814048122846990571e-11,1.805667927641863359e-42,5.531419030460869411e-13
4.207907572546689069e-21,1.281063206611522750e-17,2.877834360805925144e-17,2.826992385521257534e-01,7.965271601517903636e-17,7.173007614478771332e-01
6.977197333027498841e-22,4.666329985050285400e-01,5.333670014948922455e-01,5.372944334615264751e-16,7.513588443932561706e-14,2.873395837145031225e-17
8.167765947815938529e-16,2.803318696051665393e-01,7.196681303948285757e-01,9.903896175522787749e-16,1.969294338525773839e-20,2.350480480127177909e-17
7.392133932004496717e-27,2.408606898126744167e-01,7.591393097439517179e-01,5.099966568528161216e-15,4.433683171701053186e-10,1.500119141126476378e-16
1.652973650518540788e-23,5.024433775872481078e-01,4.975566224127475068e-01,3.945345636068699551e-18,1.095977524999492136e-15,1.566019095728059049e-19
1.127438405519881560e-23,5.705188590807586149e-22,3.740768458720457479e-22,2.423064060725407254e-01,2.508741992160095080e-23,7.576935939274607179e-01
2.192547249569893131e-17,2.590733905961186689e-01,7.409266094038833295e-01,9.330691230816474133e-16,3.539723858154088786e-19,2.041560492850147483e-17
9.999200029084266417e-01,7.700217226106967220e-05,2.942469425952214682e-06,4.483097465422710361e-08,4.219135213569415554e-32,7.618912264032524764e-09
1.343992146184903102e-41,5.551921514392594189e-12,3.461279915190905839e-09,1.794770495160233394e-09,9.999999935308352406e-01,1.207562449894915875e-09
2.829096753121822927e-31,1.247092138261182350e-07,2.934025192083171624e-05,7.383174381034426616e-07,9.999696896235434895e-01,1.070978863946477848e-07
1.640733021646971939e-21,3.800560579642694448e-01,6.199439420357272246e-01,6.250661141594349925e-20,3.609496277941759779e-21,1.358198512961107307e-21
9.153265977806586124e-16,6.212370539494283202e-12,7.569096541849383061e-13,1.516225798049122830e-01,5.136008244132694944e-17,8.483774201881166821e-01
4.678957361365511171e-49,5.873796809467004607e-13,1.308531746773731294e-09,2.111979444577567481e-12,9.999999986883949532e-01,3.746139634154573250e-13
1.206175188084877380e-21,6.977048966557386489e-02,9.302295103344218052e-01,1.514692999497049915e-15,3.783769906909848588e-18,8.154635653480582167e-18
3.088131289098553848e-14,5.148292933582860912e-14,2.443730360940413898e-13,8.021890773825376408e-01,1.397279320123749381e-14,1.978109226171229917e-01
9.999999935893981728e-01,6.095692566931266159e-10,2.148709439565435616e-11,5.668073022861085040e-09,1.211578225749134366e-42,1.114732038504085144e-10
1.836350938804136348e-13,1.432941345933510310e-16,5.915654485159635790e-17,7.593953065391205737e-01,1.308201022871520436e-21,2.406046934606927146e-01
1.918686150518344951e-13,9.261512738937196738e-11,4.089516777574439999e-12,1.569546890734583589e-01,1.329913639482077633e-18,8.430453108296481757e-01
9.999996283096643790e-01,3.708124698278010205e-09,8.525650515669827844e-10,3.647799776053550556e-07,9.258009336933895938e-36,2.349668368564256605e-09
4.515658171031177645e-37,3.350166560293594758e-11,1.521469719676986667e-08,1.642994961524853398e-07,9.999996996313835762e-01,1.208209204604260085e-07
1.878632856627274398e-44,5.827344514198968461e-13,2.269771898908152090e-09,3.458332592085452447e-10,9.999999973345694571e-01,4.924144124674368010e-11
6.691236733643150443e-14,8.821459969000039480e-01,1.178540030999286198e-01,1.861871255198140353e-15,2.753737059255022075e-17,6.491424882058842543e-16
8.812642149352814584e-17,7.150885148176355348e-14,1.612766380558007210e-13,4.721454120038639513e-01,3.641014457122160199e-14,5.278545879958638221e-01
3.051552757633360091e-22,2.525095488933612464e-01,7.474904450482237062e-01,3.781229348802371784e-12,6.054404970829723068e-09,2.276032647080019077e-13
3.768509083238188368e-14,4.495090096427512005e-01,5.504909903571917340e-01,1.873788082459578741e-14,8.959665180644818501e-19,9.884347957040024421e-16
3.730532561130051598e-53,8.320151560290364675e-19,5.340165606145614635e-13,7.528460298031554540e-10,9.999999991925179188e-01,5.409887469207619051e-11
3.996833714289542788e-10,3.087723281266474818e-13,1.384661193385677035e-13,8.311853592760815035e-01,9.039717031051121832e-20,1.688146403237843485e-01
8.556174651987735523e-42,5.838123996751597368e-13,1.942841435205029294e-09,6.450361545168210695e-09,9.999999902570095855e-01,1.349200255719923466e-09
4.544142416125972485e-14,6.418997402040942175e-18,1.304149723152352732e-19,5.738343332344189029e-01,1.386500034137245829e-28,4.261656667655327468e-01
6.457768672159443565e-18,1.060682336336506846e-13,1.412627690427495422e-14,1.165483224461636297e-01,4.682866675902291702e-18,8.834516775537148980e-01
9.150693580579383324e-17,3.538722566160926175e-01,6.461277433817331772e-01,1.944763382733985463e-12,1.180995193872987347e-13,1.130977548101152598e-13
4.214125107046651446e-19,2.969836845887949183e-14,7.239780711781663797e-14,2.983797924035485605e-01,1.667493038693392850e-13,7.016202075961837092e-01
1.696081636653911377e-06,1.994654088392711078e-01,8.005328949844495723e-01,9.355559111134177290e-11,5.399680881453161125e-24,1.089281613563678033e-12
1.851139668337400571e-48,4.051442011134668094e-16,8.963874610670729747e-12,1.130192900946414662e-09,9.999999984634584393e-01,3.973867124741823968e-10
3.681263972775209965e-16,1.229796474831242326e-01,8.770203525168742686e-01,1.686697674611702250e-16,1.811370797738976755e-23,1.417874340787691078e-18
4.951930081784686320e-44,1.329055570742059084e-13,2.477994402089361548e-10,2.342904302933055450e-09,9.999999956146865543e-01,1.794474117883716365e-09
5.499788270064539788e-45,5.112010529975344945e-10,1.033805051901076731e-07,9.826913840517882811e-13,9.999998961070685199e-01,2.420292360838245778e-13
4.295867111434825991e-25,4.750588267445158830e-01,5.249411732554849497e-01,7.150961389519318828e-19,6.474661038901069811e-16,2.162453236601290910e-20
4.675354286519993519e-41,5.740443870353916269e-13,2.365181296169673891e-09,1.546213996520883443e-08,9.999999795407463754e-01,2.631355925125874807e-09
1.014914317029573685e-27,2.972360207894322478e-26,1.648769573536240583e-24,5.511690497549313061e-01,3.681091801455905249e-20,4.488309502450717470e-01
6.738167559715410780e-10,6.172886924909819495e-01,3.827113068351242209e-01,7.285069403929274652e-14,1.434633039104071086e-21,6.394385181422957002e-15
8.320505466703560345e-29,6.100440099346517099e-20,3.829694484940278733e-18,1.662778665567924419e-01,1.026238311046815434e-12,8.337221334421833774e-01
9.999999217618653624e-01,4.875004637225445777e-10,2.324123835546516079e-11,7.662268237645869318e-08,3.011558189633576155e-40,1.104709651374877468e-09
5.043098254461028058e-21,1.176445832615378607e-18,3.329610906820104640e-18,3.699369519990586275e-01,1.134782159499845598e-17,6.300630480009384859e-01
4.435657642525615675e-56,1.003961820940087834e-12,1.664202221462922749e-09,1.970503162211795382e-15,9.999999983347933608e-01,1.801943235832807665e-16
1.025885280178150039e-16,3.673428947071169515e-01,6.326571052908080972e-01,1.843840142962330418e-12,1.187077092641129619e-13,1.126930997877969791e-13
2.395733208742903831e-18,5.021844740051120137e-01,4.978154952451858128e-01,2.922017455273467195e-10,3.039246830545076338e-08,6.503484641531682590e-11
2.650278445036462487e-18,4.427633344366633805e-01,5.572366655599279017e-01,7.232156336581379639e-13,2.621366395182945721e-12,6.191430771672310856e-14
2.476287298219299406e-45,1.386920850448968269e-11,1.083465482066515865e-08,1.057374792156911156e-11,9.999999891384945272e-01,2.406272352865901072e-12
5.073286044745091498e-10,6.715452332241019784e-01,3.284547662646353228e-01,3.484832798406147972e-12,9.478705448886458187e-19,4.461466593854417542e-13
9.999999982307983259e-01,8.600628021902227730e-10,9.089933968662561616e-10,1.482061488299002701e-13,1.270667793987207385e-49,2.470564075571304123e-16
6.103772165229843091e-16,1.455718669673226518e-14,4.259657677799661766e-12,9.784928108971746585e-01,1.000162584505803657e-09,2.150718809838820730e-02
3.315903174369282830e-19,6.960728131926224562e-19,3.621609119053555351e-18,6.352784517804089814e-01,1.496380782732007619e-17,3.647215482195891312e-01
3.799986600468757975e-46,5.295065289435805874e-13,1.001233102622077571e-09,4.559875616688525447e-11,9.999999989389962707e-01,1.364091777114987646e-11
2.729391620389933020e-18,4.234275127415701079e-14,9.021935006522762374e-12,9.227963976370152643e-01,2.904422393748210006e-08,7.720357330969719600e-02
6.991511823801285946e-40,5.968080797951068017e-11,5.594806965697654615e-08,2.356743807672443299e-09,9.999999412053330872e-01,4.301749438976084659e-10
6.762764168922683333e-16,4.480702828621369038e-01,5.519297171378646505e-01,2.237750140589280575e-16,5.819055235658055472e-20,9.912801663839674052e-18
6.098748675666453351e-16,9.392067110166022917e-11,1.259854061031716207e-10,3.426593082806134172e-01,8.976906971454558326e-12,6.573406914905054466e-01
1.557002137520376320e-30,1.655351091110034447e-06,5.483755545493394394e-05,2.185839236833715762e-07,9.999431568661735215e-01,1.316433543487820651e-07
2.945244813242299377e-48,3.679320098333713545e-15,2.133684703918258316e-10,3.874773389922876115e-10,9.999999993844497226e-01,1.470096018033480533e-11
1.649668202690241506e-19,1.908083771132871032e-01,8.084135582767492112e-01,1.106060402327962285e-06,7.767217896904261886e-04,2.367598676886745835e-07
9.999999991744630279e-01,1.880790054246411281e-10,4.314019693563949646e-12,6.199787652058993607e-10,2.818711217311611909e-46,1.316684359476154447e-11
5.200951198786324787e-19,5.370543303051844188e-15,9.303418781778244494e-14,6.149416392789176511e-01,1.273124524377387533e-11,3.850583607082552207e-01
3.330139819014890667e-20,8.385293871454726489e-01,1.614706128545168595e-01,1.311749124506373038e-17,1.124532316752067535e-14,2.529174497215496380e-18
9.999985627764925722e-01,1.296488532487177552e-11,1.204540572360900161e-13,1.415316614713089030e-06,5.461904641962629277e-44,2.189380726014333168e-08
2.720261728685239277e-20,3.688670445173832801e-01,6.311329554826158317e-01,4.585120603075765398e-24,3.844936280007107134e-28,9.072089218366481975e-26
9.999999995142232478e-01,3.266250101993281314e-10,1.561794364060596101e-10,2.967789615094874465e-12,1.641612361362342791e-47,6.922613842054596894e-15
1.790022232221810507e-38,3.409562360830430359e-13,1.080407361760011856e-09,6.811301356151219688e-07,9.999990746357898530e-01,2.431533278563878457e-07
1.909976316150525625e-16,4.211412738556212232e-01,5.788587261443792764e-01,4.900224578571499332e-17,1.186243862983967294e-20,1.846967285726264780e-18
9.671721777592053778e-13,2.718466095361358430e-13,4.574488762062447024e-13,7.723760027242636550e-01,4.215066242490233866e-16,2.276239972740370376e-01
1.382314747422747415e-21,5.819664354152866208e-20,1.006228322944604893e-18,6.084986682690269877e-01,3.646066305232780010e-16,3.915013317309724017e-01
9.999998209009763883e-01,1.365130825477984210e-07,3.811261537880019970e-08,4.425146080955771296e-09,8.060264440528773366e-37,4.817702917436607943e-11
4.674689964068123412e-26,3.390705319636273529e-01,6.609294680363748675e-01,1.242110801006680544e-23,2.867225744820915957e-24,1.307019202257186179e-25
2.014700388397229449e-50,4.021380585962785515e-13,1.813562902422123578e-09,1.206821784335987631e-12,9.999999981847267350e-01,1.040631678322001705e-13
6.812543882805908062e-46,3.094764097838407399e-12,1.768472905649393453e-09,1.418889309111555426e-11,9.999999982058938031e-01,8.351987850392845571e-12
4.078178990946549844e-18,1.173491315208531199e-01,8.826508682163409780e-01,2.198241101707148055e-10,3.730917593540489170e-11,5.669600312772835280e-12
2.097960826100197917e-21,2.201759449617218441e-17,5.818220319241924789e-18,1.155594091645501809e-01,4.398253272491117217e-20,8.844405908354489032e-01
1.552043723059769358e-40,2.812304840589817470e-13,3.990883043790918261e-10,1.695449118205958531e-07,9.999996370164884185e-01,1.930392283231983570e-07
9.999998421315492436e-01,1.219633203363432187e-07,3.278820119273622939e-08,3.082702148777240502e-09,3.375186690043628323e-37,3.422886861060647871e-11
1.713842857544875058e-26,2.335634843648367121e-22,2.352676574233240109e-20,4.766987087392708933e-01,4.108577742969307758e-15,5.233012912607259981e-01
1.219318909019322894e-11,3.591375849307080705e-15,1.313111852359146533e-15,8.082824426135956086e-01,2.722421920014784087e-21,1.917175573742092576e-01
1.271051158267037657e-47,8.634559227612944478e-13,1.297648843555712960e-09,6.097498110850618762e-12,9.999999986937382346e-01,1.653893212429092658e-12
4.429910201381684537e-20,4.343485238720426467e-01,5.656514761279580750e-01,2.897132733285570817e-18,3.193815678295776504e-19,9.544969905175707960e-20
1.045241121041804460e-20,1.921960347611860883e-16,2.344073252069025715e-16,2.060192679037833596e-01,1.447952972834530861e-16,7.939807320962195547e-01
2.021929749243493045e-23,4.834075960688825093e-22,1.652835056848734237e-21,3.948588011968069966e-01,1.286477927987021710e-20,6.051411988031925038e-01
1.840147209895940821e-17,1.525413225954373671e-12,4.346716303790468891e-12,3.877756089270312234e-01,5.081883094059471491e-12,6.122243910620113194e-01
6.144626275948182278e-22,8.364057772823168302e-20,1.275764675143734493e-19,3.019495321186578818e-01,9.305501053161442419e-20,6.980504678813388431e-01
5.108451865215355152e-15,1.304368790197568588e-12,7.416033747837349213e-12,7.152712728752760318e-01,2.129936012353431340e-12,2.847287271138700393e-01
2.195336660170775541e-44,2.463849188172636509e-14,2.606332772053426311e-10,3.361795356181511080e-09,9.999999958438294811e-01,5.337207918104344872e-10
9.822996678029529005e-09,5.162369075703777677e-01,4.837630826066146583e-01,7.401965222905362020e-15,5.098295480244079763e-25,4.082700553855936976e-16
5.592218781934975372e-30,6.104397613797012401e-01,3.895602386202972056e-01,2.958369108019587061e-21,2.438688788634896333e-15,7.223436413190530034e-23
1.400330347596248876e-19,4.257359508498029179e-14,3.627081444959760184e-13,4.205621300743741520e-01,2.336962892024170879e-11,5.794378699018497558e-01
2.483758252754166219e-13,3.927370789729998589e-09,9.937603297215597880e-09,6.189659913455660689e-01,1.208348302851671759e-10,3.810339946683752865e-01
6.860975267504859124e-23,4.582793293757687184e-22,1.552106876927328540e-21,4.484861868505227167e-01,8.909839710923200490e-21,5.515138131494783380e-01
9.999999966109456295e-01,2.591207371702881425e-09,1.606519106676682792e-10,6.253965482605041755e-10,1.737650275003984154e-42,1.180195170582201177e-11
2.410055319887735579e-40,2.379523135738067386e-11,3.926012620256839517e-08,2.983661406230697892e-09,9.999999573453317581e-01,3.870839220887498606e-10
2.440052083101266838e-34,7.495766349332319550e-08,5.533631610529753662e-05,6.895731244727714427e-08,9.999445168593629196e-01,2.909558856988018999e-09
3.811097717490743872e-57,7.801891466179760401e-15,6.857527143870756909e-11,2.083970832034368291e-14,9.999999999313970989e-01,2.536540061897143014e-15
3.472958006719545648e-14,3.047093911804927004e-17,1.595834048864376980e-17,7.622614056342947864e-01,1.380316543502555320e-21,2.377385943656724343e-01
2.704652185042370831e-21,9.125020442537075116e-01,8.749795553732245268e-02,9.144754856431050932e-16,2.089679346234443342e-10,5.014393746005386197e-16
2.182905356638384704e-12,1.916772581981602928e-14,2.305038825735547215e-15,5.790939782934911850e-01,6.537026290728558800e-22,4.209060217043071872e-01
3.004028490137081839e-15,1.947527346914157733e-14,6.343073143809161777e-15,3.989172258707132657e-01,1.330903385713894038e-18,6.010827741292582571e-01
6.332546595098593864e-18,7.041039449624059143e-01,2.958960550375958620e-01,3.342281546446187505e-16,6.121147715798825300e-16,4.096355833681417397e-17
2.298020788660953381e-08,2.807363444977478306e-12,3.371831579170877982e-13,7.971860246953261786e-01,3.563528987267682422e-22,2.028139523213204065e-01
1.748825662787221245e-49,9.756388925119954091e-13,1.805679529676136961e-09,9.513414786743426491e-13,9.999999981922300663e-01,1.602424352458056541e-13
5.520416296029256970e-18,3.621946552825460186e-01,6.378053447174550916e-01,1.006964686599709180e-15,1.227239478579280572e-17,3.543031094983466887e-17
1.602886311592413370e-17,3.358074943643703530e-13,7.837082074976678344e-13,3.793454713495073571e-01,5.079368151774212079e-13,6.206545286488673874e-01
2.578455925592514937e-12,1.463159445948493414e-15,2.467937332819566775e-16,7.121831774957868566e-01,1.145622261519072178e-22,2.878168225016352055e-01
4.689071303595729157e-13,5.354625586880303878e-01,4.645374413113996792e-01,9.173533218841690608e-14,2.371222186413467360e-18,6.950504076604759714e-15
1.020186813223152045e-15,5.677605660364433149e-01,4.322394339635584615e-01,1.977560939477749586e-20,5.638562600509483601e-25,1.049154374024898248e-21
3.903698469352563253e-12,2.517848735078401643e-15,3.172340354507483596e-16,6.840354739677203533e-01,5.017158382106009774e-23,3.159645260283762691e-01
5.122971763186748972e-21,9.359242315132035971e-17,1.785082346924664345e-16,2.354827815238552946e-01,4.129991510052745516e-16,7.645172184761415135e-01
9.998307904991818873e-01,8.059516975680862296e-05,8.861431814513494049e-05,1.279338250036567319e-11,1.704526120958376312e-37,1.235569640737439260e-13
3.312926592915568875e-18,6.787125179710704614e-01,3.212874820289218225e-01,1.139226507124622720e-15,4.230703700831570645e-15,1.379496452152046254e-16
1.018868631967648193e-24,6.389223508252099837e-01,3.610776491747069716e-01,3.170083147210519901e-18,8.294062017646025797e-14,1.985658276894269128e-19
6.549460554252479803e-21,2.870286174982043296e-22,5.142071611878531322e-21,8.016501003841343120e-01,7.852421940576042425e-19,1.983498996158627736e-01
3.315939860066160365e-46,3.136232359484101109e-12,2.513464011489502475e-09,1.001995881101908798e-11,9.999999974696365257e-01,3.739995872215104879e-12
5.902393891325502212e-16,6.822611761847735545e-01,3.177388238141038435e-01,7.008438448429281040e-13,2.879279185426245745e-13,1.335139350756647443e-13
9.117617503438586302e-17,4.291152388801822922e-17,1.090140533180745138e-19,1.397660600771976624e-01,8.825929858355602166e-31,8.602339399228058348e-01
2.600924603922326653e-46,1.991302832899519165e-16,1.620018826432537886e-11,1.246629032140545281e-08,9.999999864018036533e-01,1.115708591912091050e-09
9.243162772509139156e-25,1.037946687641785799e-17,1.989466723786005101e-16,2.373340011204630173e-01,1.146521038441245142e-12,7.626659988783907052e-01
3.856358955881689443e-09,3.030876457392834289e-01,6.969121757634403336e-01,1.667129346473531000e-07,1.274294658712937061e-14,7.927968635957784255e-09
2.605088032205951664e-43,1.987493358705350057e-10,2.365817969968559381e-08,9.524692810493086045e-12,9.999999761258709929e-01,7.672619294142468395e-12
1.972889511415105809e-21,3.255696338278771622e-13,4.650732371824603952e-12,3.228346441075856665e-01,5.244638083204651470e-09,6.771653506427979252e-01
1.494766066803222537e-48,1.865831193336667425e-14,8.156479692582099918e-11,4.605293680483946625e-11,9.999999998532302925e-01,1.913227984073559860e-11
9.999999999051567556e-01,2.256889625733014213e-11,1.178633897397128565e-11,6.043465277180902796e-11,1.529588574611315372e-46,5.694113014884142361e-14
4.022376192677163359e-16,1.556579323807173075e-13,3.868756325289243881e-13,5.329876189226053773e-01,5.894717429852499237e-14,4.670123810767926598e-01
1.061387995601051166e-24,1.283553768353954863e-20,2.248163716373516318e-18,6.341713369194892369e-01,8.667449233156071467e-13,3.658286630796431793e-01
2.457832161207799331e-19,4.793310040745955014e-01,5.206689959254068301e-01,2.833516910101280082e-16,2.154032753718850412e-16,1.462740947226478191e-17
2.092403203828835544e-09,4.624544764914440894e-17,6.247794230171461246e-18,9.473128770836362067e-01,8.508562142188154516e-27,5.268712082396211083e-02
2.124989554035838942e-16,5.820720586140971653e-01,4.179279413857632797e-01,1.086708876757607975e-13,1.514873767343982377e-14,1.196377355850607503e-14
1.060033381075279546e-30,6.367030827384041208e-22,1.483777916517089050e-21,3.612974833434871164e-02,5.480729478708588015e-20,9.638702516656533215e-01
1.194420891323644961e-44,7.107572765002226104e-14,1.845027268057211365e-10,1.634097437345750030e-09,9.999999971644228935e-01,1.016903264067107401e-09
9.014787065250622655e-47,1.061937371454518926e-13,1.170749714063882583e-09,1.339930299854871664e-10,9.999999986854319900e-01,9.721889556866625012e-12
1.141656301531188446e-20,4.956896403079625333e-14,2.217966765709236855e-12,5.883870485502777914e-01,9.332697341224184687e-09,4.116129421147564083e-01
2.548247162965020573e-11,8.613007432662312945e-01,1.386992565897918472e-01,7.881310323745002558e-11,1.591366822481940136e-14,3.966756551178174410e-11
7.767752145300795750e-12,4.458997196976122003e-12,1.755072620321371876e-11,8.685945344725015671e-01,2.970255434790330064e-14,1.314054654976911374e-01
2.580053475245184762e-19,7.380803802015345211e-15,3.884283113145375855e-14,4.035587401468549995e-01,5.542713035351149411e-13,5.964412598525457021e-01
1.248813757023154877e-30,1.233830353041482315e-07,2.158895628832954001e-05,1.512624294899447942e-06,9.999764570393876451e-01,3.179969910918569701e-07
1.373267226006574708e-19,1.578067522865200800e-01,8.421932475725379952e-01,3.068815795825306935e-11,1.092111068545482535e-10,1.042819767549538850e-12
2.287477768179498817e-17,2.974482985379690708e-16,3.966539726608086753e-16,4.822276710494401430e-01,1.981555668191532296e-17,5.177723289505602455e-01
5.138086571469148913e-19,8.735939477016745679e-22,2.099010298116064590e-22,6.103078576691439716e-01,3.589492902660338983e-26,3.896921423308570276e-01
6.373011803815386772e-15,2.194814263853499259e-01,7.805185736146408315e-01,7.129419510475207400e-18,2.378757191090596842e-25,1.117937005866665560e-19
3.882441396004110734e-21,4.394251226662749255e-01,5.605748773337224655e-01,1.822494582111249762e-16,1.970305704482504728e-15,7.945728151059984917e-18
3.407913522755072265e-21,1.030162251571483914e-13,4.440081223267174756e-13,2.078577371194261225e-01,2.767990245014901391e-11,7.921422628523483445e-01
8.689017092705253381e-36,1.016312927061185322e-06,9.648545562065475234e-05,6.840100101768280970e-10,9.999024974551906642e-01,9.224800225787459142e-11
8.367279141179843947e-35,4.198975757329024866e-21,2.348661165405227899e-18,8.985052636479114174e-02,2.388798645779673070e-10,9.101494733963273465e-01
9.154417650534847161e-44,2.272584887335717296e-13,4.069094643288982248e-09,2.841341325307654155e-09,9.999999929805554189e-01,1.087844345784671499e-10
3.448357844829597457e-44,2.253229371582574027e-11,1.910161864919185409e-08,3.005654099120933600e-11,9.999999808399382406e-01,5.855238398084712451e-12
6.473343083245425659e-37,1.496819225721817984e-10,2.470428593604653680e-08,1.082423387369471515e-07,9.999996995365688646e-01,1.673671239047690574e-07
2.881721561972433374e-17,3.100820423016134031e-01,6.899179576983847095e-01,2.148410459810696657e-17,2.051767551123664140e-21,5.043608719828074535e-19
2.721623199858332806e-22,6.897183742707966303e-01,3.102816257291744484e-01,1.550658607933337569e-17,3.076430380864500782e-14,1.416806796479352718e-18
4.977962448066513871e-18,4.467016236228778948e-17,1.462065439664739409e-17,3.220212200919673196e-01,1.719709417066658141e-20,6.779787799080349009e-01
3.610350271415049999e-17,9.079137482494147746e-15,2.146764396134625777e-14,4.880596802225340980e-01,6.193417162725045930e-15,5.119403197774264891e-01
1.394981088232811935e-21,2.289590419307957639e-17,1.483756586839358325e-16,3.439895711820373791e-01,9.762502658193484751e-15,6.560104288179495757e-01
9.999999996816626435e-01,2.848823202698553166e-10,3.343440251195581616e-11,2.382163082147336770e-14,5.985216648123180918e-53,3.042302051196746642e-16
6.775052193776887882e-11,7.177311034058531008e-10,9.749791320516287035e-10,7.476618513308725955e-01,7.569708275079576983e-14,2.523381469085929085e-01
2.559661813342226491e-15,1.466068475288447291e-16,2.405694983848932440e-17,4.806572636381666319e-01,2.789471296412297634e-22,5.193427363618297044e-01
9.999382952046341755e-01,4.916780382942085490e-09,4.941819310671916773e-10,6.079206582246902008e-05,9.086737833211176851e-33,9.073185782475029521e-07
3.767635410860473190e-40,6.722867788605382841e-08,1.071720140642588719e-05,2.469994344622587601e-11,9.999892155424437989e-01,2.775013745935523711e-12
4.166438398952001786e-39,1.490510090405183590e-08,1.460787862129074130e-06,8.367069577981492029e-11,9.999985241962382476e-01,2.712887366684883400e-11
1.005593978055107064e-17,3.204785412198101757e-01,6.795214587455999933e-01,1.670653608965689504e-11,1.674679818747963295e-11,1.134957723596324727e-12
6.668509259909719258e-13,1.969154802211233400e-12,1.882538260605278568e-11,8.942464204031735919e-01,7.140986769258604401e-13,1.057535795746492868e-01
1.001468265985006931e-24,1.909888339335883700e-01,8.090111660663711346e-01,4.577774536813785484e-16,3.649428646381154779e-14,7.224570834641649819e-18
5.898667932500333335e-50,7.913826960538886881e-11,1.495467555472151605e-08,1.165551014559206764e-14,9.999999849661734830e-01,3.221830068154284116e-15
9.999988227377765160e-01,3.139280469497599204e-09,2.243740405806083623e-10,1.155003274422043666e-06,2.703353278551202729e-36,1.889529548562305636e-08
1.416806300126880158e-18,2.242587736058480107e-14,1.912151657165898089e-13,5.232572457827721069e-01,4.553640352675490016e-12,4.767427542124579309e-01
2.322323592967360462e-23,4.931733564263466970e-18,2.429850121902090256e-17,2.145285050166556018e-01,1.986343630056143217e-15,7.854714949833405679e-01
8.086068130009393554e-23,5.346482315793986695e-01,4.653517684205434879e-01,7.073152522947534948e-17,5.547475986090492503e-14,4.065171373441945456e-18
8.394293547663675943e-15,1.176002195125342806e-13,3.403158053825861538e-14,3.762389203797510961e-01,4.196243447434780908e-18,6.237610796200855345e-01
1.832769814786968793e-20,2.005091898714310070e-16,1.197123207044923528e-15,3.872796120416441279e-01,3.774885785832612927e-14,6.127203879583200674e-01
3.388514481415940666e-22,9.582268954933455582e-17,3.243799042550577569e-15,4.830002397933128022e-01,1.727456294247216644e-11,5.169997601894105177e-01
3.115845931633097221e-18,5.888474019040913499e-01,4.111525980959102045e-01,1.424186437685450177e-18,5.140983786448441920e-20,8.158469032573445429e-20
7.018726672497830161e-20,2.719173871872823112e-01,7.280826128127183550e-01,1.649240682178224849e-16,5.009312345400690755e-18,3.558097080656356297e-18
2.967847147861877648e-45,7.871911396007541616e-13,1.037722689694718655e-09,9.214752162352993169e-11,9.999999988299563825e-01,3.938832805978791361e-11
2.733481903301529630e-27,3.212340799991872212e-20,8.800285751224500826e-21,3.473487191250719530e-02,4.199025315293825123e-22,9.652651280874932072e-01
2.153065633821824621e-19,4.745691434020156539e-20,1.519006781266468799e-18,8.483830039075666019e-01,4.606250528789208121e-16,1.516169960924337035e-01
3.090639511086726341e-43,6.040750076794646015e-12,4.474689180352493971e-09,1.962649278112152869e-10,9.999999952386602331e-01,8.434178104600780211e-11
6.938373911958991066e-17,1.532283022888790702e-01,8.467716977111240384e-01,9.751951354894945220e-18,2.864102414214028574e-24,9.814172846944172247e-20
9.999999778708430487e-01,1.362803432430222690e-10,8.402737477274803993e-12,2.179333849334198921e-08,7.755357631868462362e-42,1.911364147159432860e-10
3.528114965117462026e-16,4.343846440324778402e-01,5.656153559675182185e-01,2.224833092779389624e-16,8.490330147555872009e-20,9.377472665430966492e-18
2.649878807021593673e-24,2.021959573931857388e-14,9.251199456376811311e-14,9.728672553564533809e-02,4.626882117896237064e-11,9.027132744179763302e-01
1.342854766255353948e-16,2.932579992132716275e-08,3.494811840007052313e-08,2.300388076715395580e-01,9.569184258263452786e-09,7.699611184853595303e-01
1.328896619247326172e-48,3.324755723414184417e-18,1.115191579098210928e-12,2.162580644128586721e-08,9.999999764278871828e-01,1.945187815391934580e-09
4.757356250154613143e-51,5.823623679636147283e-12,1.140524396710902930e-08,1.362259977910796098e-13,9.999999885887831397e-01,9.452969569347520849e-15
9.852834072507197018e-11,5.018705480294242127e-01,4.981294518719990849e-01,4.626892839815065615e-14,1.382498030005133997e-21,2.674943832532058258e-15
1.238003439329595349e-18,5.668799054190926162e-18,2.375191274893587389e-18,3.531834536493923538e-01,6.966101170615166452e-21,6.468165463506110324e-01
1.293269574959574887e-21,3.832117049532428599e-01,6.167882950467574732e-01,3.163719620197750539e-20,1.598562999193028603e-21,6.742418322832639849e-22
6.409210832288026028e-13,4.993103063875266034e-01,5.006896936118235830e-01,6.928553773612314244e-15,2.180656557992145850e-20,4.048817494393412847e-16
8.936120473684830370e-25,3.785140488842397843e-01,6.214629951883275938e-01,1.135628894499396440e-11,2.295591423725103491e-05,1.839239970514460185e-12
6.644984168544014920e-14,6.615425666131824478e-01,3.384574333863608064e-01,3.401544064533639375e-13,6.729704453989951829e-16,4.861569988805616620e-14
1.185492014912993062e-12,1.228449673743534430e-15,3.315008410150608231e-15,8.992833181105984730e-01,4.606871959952154491e-18,1.007166818882085507e-01
6.677842040808721565e-43,1.261102814485100279e-14,1.441055746657263288e-10,3.052625419537350255e-08,9.999999628701707888e-01,6.459453578144075007e-09
1.489433341534075197e-07,5.363875964530415708e-01,4.636122546036205438e-01,1.643600047876818557e-16,1.421876746144280990e-28,9.956478837010247082e-18
3.149615696599182622e-47,8.912974257560085231e-13,4.330516922787020034e-10,1.109801270009567086e-11,9.999999995417070409e-01,1.325113831079312599e-11
4.356375348247750380e-18,1.756130750238237930e-17,7.689644041323664610e-18,3.729670088335416134e-01,1.959985599310794679e-20,6.270329911664577205e-01
